2016/05/31
The following orbits are all produced when considering the orbits contained in the array terrible_orbs, located in the journal file:
journal__20160531__now_stitch_together_the_results_and_make_sure_theyre_not_bogus.pro
in the journal directory of the Alfven_DB_routines repository

         514
         527
         568
         579
         633
         687
         741
         748
         749
         751
         753
         754
         755
         756
         914
         925
         926
        1002
        1031
        1033
        1034
        1035
        1038
        1039
        1042
        1043
        1044
        1045
        1054
        1055
        1056
        1120
        1121
        1239
        1240
        1293
        1294
        1412
        1413
        1466
        1467
        1487
        1506
        1507
        1520
        1521
        1545
        1574
        1575
        1585
        1586
        1639
        1640
        1693
        1694
        1730
        1747
        1748
        1758
        1759
        1795
        1812
        1813
        1866
        1867
        1920
        1921
        1931
        1932
        2039
        2040
        2158
        2159
        2209
        2212
        2213
        2229
        2233
        2239
        2244
        2250
        2251
        2260
        2263
        2264
        2265
        2266
        2280
        2621
        2622
        2623
        2631
        2664
        2665
        2680
        2681
        2732
        2742
        2775
        2782
        2817
        2843
        2857
        2858
        2874
        2902
        2904
        2940
        2947
        3034
        3055
        3120
        3153
        3157
        3238
        3249
        3346
        3402
        3445
        3446
        3450
        3936
        3937
        3977
        4073
        4159
        4194
        4195
        4242
        4278
        4285
        4371
        4414
        4424
        4425
        4440
        4441
        4451
        4456
        4494
        4497
        4511
        4531
        4559
        4581
        4587
        4613
        4614
        4662
        4678
        4679
        4689
        4690
        4743
        4744
        4830
        4831
        4862
        4863
        4943
        4981
        4982
        5019
        5020
        5035
        5036
        5052
        5106
        5154
        5165
        5166
        5232
        5263
        5264
        5265
        5295
        5296
        5328
        5337
        5344
        5367
        5370
        5371
        5397
        5409
        5414
        5437
        5447
        5475
        5606
        5663
        5696
        5826
        5827
        5945
        5946
        5956
        5957
        6021
        6022
        6335
        6336
        6384
        6595
        6710
        6713
        6740
        6774
        6785
        6864
        6893
        6894
        6898
        7012
        7169
        7170
        7174
        7180
        7297
        7298
        7321
        7322
        7347
        7374
        7386
        7387
        7403
        7433
        7439
        7459
        7467
        7510
        7534
        7546
        7560
        7561
        7574
        7586
        7622
        7810
        7811
        7842
        7843
        7983
        7984
        8045
        8059
        8060
        8113
        8114
        8124
        8125
        8156
        8200
        8201
        8265
        8266
        8276
        8277
        8279
        8330
        8331
        8341
        8342
        8558
        8630
        9025
        9648
        9695
        9785
        9786
        9807
        9879
        9915
       10036
       10112
       10266
       10550
       10777
       11121
       11122
       11139
       11174
       11175
       11178
       11184
       11196
       11197
       11200
       11201
       11210
       11211
       11222
       11228
       11230
       11231
       11234
       11277
       11278
       11281
       11282
       11288
       11423
       11781
       11829
       11931
       11955
       12001
       12066
       12107
       12108
       12155
       12196
       12197
       12221
       12393
       12457
       12666
       12784
       13027
       13101
       13105
       13170
       13178
       13179
       13180
       13183
       13187
       13233
       13243
       13267
       13278
       13310
       13333
       13354
       13396
       13487
       13488
       13508
       13661
       13662
       13739
       13741
       13796
       13798
       13807
       13809
       13823
       13824
       13854
       13870
       13900
       13905
       13907
       13933
       13981
       13983
       14000
