3580
3234
5663
2628
4828
6105
6411
5255
6915
6600
4138
739
2502
888
7472
5233
2724
6258
6870
5371
1834
5363
1488
1187
6870
7877
1120
585
6660
3844
4027
5456
7537
5446
3783
6965
720
4544
5345
918
4868
2989
5245
2792
695
3531
3395
507
7275
7373
510
4287
530
5202
5177
5564
2737
4525
4652
4340
3203
7303
7167
2588
3837
686
3280
4586
3658
5975
929
6775
2529
594
7577
5364
4351
1996
5498
4489
2812
694
7645
3138
6122
6750
4996
7474
6185
2301
7307
7457
3399
5487
3238
5267
6798
3420
6318
7112
909
4243
5595
6555
7553
3430
3817
2583
3386
5363
5305
4483
3843
2928
4502
5701
2157
2335
539
1455
3321
886
5457
1133
6546
3902
7608
4069
7255
6652
4009
7454
7108
3181
7740
2963
5062
3545
6695
7314
4055
3868
4707
667
2318
4402
7300
3791
7341
1094
4604
6259
1154
2968
2693
1088
7439
2587
7509
5684
5344
4199
3586
2974
3735
4436
1287
6177
6153
7648
2631
6490
5789
7472
717
7155
7321
2746
7525
5370
3910
2607
7117
3443
3218
5597
4712
1464
4037
5244
4555
2962
4119
962
4410
1074
751
3450
2292
609
3865
1451
3672
6082
961
3373
1278
5368
2844
5378
3075
1077
7556
3626
1465
1015
7410
2408
4363
972
2143
4363
3332
7033
1049
7264
5868
4615
2910
878
723
5241
7172
3655
7559
1735
1487
7272
6716
5324
4447
665
7910
6120
4992
761
5596
7324
840
2452
6018
3868
6461
6338
7170
2222
2637
604
4742
668
3015
3423
5476
1166
3923
6107
2211
7935
4610
4495
4080
2990
6637
4606
618
5077
4359
6509
3046
1121
2462
682
4550
4865
4920
2374
5757
7389
685
6777
4014
4493
7966
7216
4570
7147
7331
3639
3902
4910
7229
2933
5888
1862
1028
5532
4735
6301
4857
2195
2653
7924
7350
6577
3547
3760
4824
7365
1334
4589
6414
7585
5345
2536
5242
7214
4952
749
7187
2892
2391
7514
7265
3354
799
7561
3372
3118
3376
598
4577
7136
6452
3086
7183
727
2819
4711
5561
6201
7239
4437
6012
581
6765
6375
1657
6078
1085
5271
5548
724
5104
5034
3188
2148
7057
4242
7340
4277
2371
7457
2372
7184
4660
7283
6893
1041
976
4750
3897
2359
757
511
7320
3411
1937
1573
4308
3270
955
6210
3799
6865
2291
5354
7894
3422
2505
1487
1043
7569
1450
2075
7435
7154
1222
4980
4763
7847
501
1086
2600
7085
2598
4643
7184
2676
4359
5418
4823
2760
2763
965
4157
601
901
4421
7419
3136
2702
5467
3290
872
3327
7656
2350
6919
7056
992
2838
1965
895
2806
4265
3348
6216
2106
3898
4406
2453
2726
5085
3757
1820
2424
869
4336
3130
4972
7164
5018
4529
2984
1622
3362
3820
7639
4244
5264
5790
7064
7943
6615
946
4513
2275
5393
5665
3368
3430
4847
1056
1249
7215
1185
916
3472
6432
2831
4654
6220
6568
7404
1062
3951
1991
774
7194
2186
2487
5979
1591
1596
2376
2444
7132
2710
4987
6268
2729
5505
2976
5252
5314
7778
5590
7894
5869
7471
3206
4303
2407
532
7227
7384
7572
1730
939
648
5945
4238
6236
7190
3094
3753
1040
868
4830
3188
2167
3329
2515
4651
2217
7361
3068
4605
2586
7339
7309
5292
6926
6951
6875
7654
3289
549
4166
7307
2598
3679
4194
3281
6987
7468
3334
714
3517
2343
4595
2354
511
3963
844
6451
3549
4079
635
6345
3895
4601
7317
3041
2336
6692
5467
7053
1371
1469
2305
2842
6215
1191
2464
522
4407
4153
7894
6772
4970
3062
5105
1994
3280
2679
6935
4501
3591
2002
6541
1131
3900
7525
2466
4310
4324
7364
4818
7085
1852
3945
4413
5995
7957
5895
2610
1359
7575
4303
3705
4345
7896
3250
2425
2227
1251
4975
7481
6428
4951
7370
4958
7414
2543
2534
3280
6521
1499
7546
2026
7330
5506
1002
7240
5017
3439
1030
6588
6146
2021
2485
824
4980
4192
4780
4547
742
2219
4527
4498
2063
5284
804
7228
5917
7404
2767
4657
7533
1841
7598
7015
6935
863
575
4469
6991
2348
5236
3646
4319
4157
4387
3397
6367
3820
6611
1045
3348
7729
657
1775
7318
7156
4584
7451
5402
3956
2578
3977
1245
7206
2073
7588
5749
7883
5791
4748
649
2973
7477
7160
2250
5083
2352
3770
4434
4782
543
6664
3973
1845
2030
5913
4798
885
7427
2395
1102
3246
3243
1011
3295
7142
7341
7570
2727
4339
7624
6657
6288
3760
7162
4976
942
4625
2775
2027
6697
4457
6897
2331
860
4776
2930
6373
828
7385
4222
4632
7638
5747
3355
4477
7356
7776
2441
1241
1005
7855
7431
5018
5813
650
4358
2501
3095
7319
2666
6335
7685
5938
2224
7486
2697
4297
5940
1108
2587
4128
7473
6032
5319
5096
6879
2273
2236
5322
6453
6727
5259
6159
2833
3595
7753
6213
7548
1622
4180
3726
4739
2639
5272
7286
2562
5996
7493
4799
4617
2738
6593
3299
4398
3045
4501
505
3571
3434
2144
2813
1315
1736
7193
661
7021
1239
5395
3874
523
4404
1962
3139
7417
4812
4638
3933
5557
1623
7251
3219
3202
2481
5376
2638
4988
6907
6754
3752
709
3569
5800
7438
7219
7327
2201
1140
5505
7046
6127
2230
5750
1488
6389
613
5192
1628
4205
6993
7862
1398
897
7219
7241
7533
4733
5764
3428
7125
689
2174
6516
3597
5565
4195
1065
890
900
2585
3800
4564
2684
771
521
3846
5838
557
7355
4671
2534
4496
7875
7470
7506
5510
2375
2362
6911
2729
4998
7187
7866
1304
7201
3273
7558
1022
7489
3304
7333
2540
2956
2023
4540
5953
2389
956
2506
5276
2490
1212
1739
4737
3757
7413
5964
3223
2633
5065
7652
4769
561
6467
1126
2469
855
861
7489
7438
4635
4475
7036
1081
2589
3047
3158
2345
1008
5205
7320
5385
766
3970
1366
6842
7040
5378
5227
2999
6616
7529
7140
6893
3008
2360
623
7818
4477
5991
7811
7427
3578
6879
6427
5344
4184
5162
3780
3367
4906
827
1141
959
3205
1957
3248
4075
3144
3365
3755
1110
2272
2617
5474
5578
5384
4322
5469
923
3732
5666
6263
4143
7249
4750
5787
945
3249
2134
6278
765
5824
5332
4725
5814
5640
4141
2016
2961
4017
5534
1021
3177
4300
5908
2687
4917
6311
4795
1236
3039
5024
791
2545
6108
787
3109
4472
7431
3955
7881
7252
3170
4420
3925
2583
671
5049
4953
6834
2962
1872
3806
7515
569
7236
7864
6171
5062
1700
5319
3937
7563
2836
5968
2937
1905
2209
3116
4570
1211
4732
2943
1576
7358
2005
7436
4621
7055
3591
5061
7349
5368
4244
3482
4158
1037
3460
5906
3761
3133
7484
7873
571
3663
3313
4762
5149
3967
1230
933
675
2115
4890
6690
5183
5484
3495
3200
7573
3801
1292
7699
7584
7938
7644
3008
2717
6005
1236
5301
6447
6151
7557
3935
2513
2906
6061
5264
7221
7854
4191
3427
7407
2278
2099
7678
4094
3261
1637
5698
7576
7251
3416
7266
597
2469
2109
4258
7603
4511
2581
4546
7762
3288
1742
5524
5704
7046
2042
2928
7455
3917
7616
5010
859
7294
3547
5451
2340
5030
1279
7326
2899
6499
563
3794
6257
7130
2687
4216
783
7144
1535
1227
2630
1741
3075
2789
5712
7272
4837
2711
4985
1998
837
1232
7415
3960
2321
5046
7586
3326
524
3940
7797
835
3236
2566
2131
7104
1866
1395
3604
5356
7417
7849
2995
5607
7231
5116
4275
7122
2422
6560
7331
3595
2932
3686
3450
3088
4164
5708
2443
760
5010
3202
2579
2083
7208
3485
5760
2026
6092
3773
7204
4872
5027
7149
5457
7527
2701
1512
7215
3650
2781
3378
7040
4954
4631
3947
7581
7578
633
2723
2745
5568
807
6358
5600
3785
2836
1488
1170
1093
2086
3404
5029
5410
1264
2674
743
7207
5305
5877
666
3724
3593
636
5574
6527
4238
1101
1943
7779
1157
7288
6860
3828
4340
813
2956
7986
3096
728
7429
1027
2432
7295
4398
7372
4598
7340
6483
4350
819
2104
4527
6861
2657
3405
3323
6439
3970
3415
6256
4984
7586
4387
4102
3774
5641
4342
862
5376
2798
4221
5150
3186
2578
5738
6665
5542
5844
5093
3736
7197
620
6682
6991
2207
4394
6105
544
2203
7992
5118
2071
6296
5537
1984
4271
4187
5034
7484
2791
948
5254
2125
5008
7476
3059
1793
7743
3823
5744
3435
3931
2507
7413
4997
6578
3467
4790
5424
4959
3011
4431
6651
5259
3918
6058
7705
7617
2151
4043
5193
4146
3608
1051
6947
7177
5881
4648
2762
1846
5414
4491
5960
6860
904
7463
5542
7262
7129
7273
4321
3325
2361
4607
2459
7894
2085
7406
1527
5654
2647
1144
5510
2536
5693
7393
4298
6913
4001
5461
6669
4829
3035
2488
4759
3751
4709
5810
3329
6077
1425
1985
3289
7725
4044
2548
3616
2300
2793
7288
3120
3372
3218
7322
5578
4426
2177
3151
4827
4385
3002
1816
4907
3054
3654
3404
3890
7418
4572
566
5433
4013
2647
6653
5898
2944
4663
2430
7512
7387
5456
3825
7412
3611
2698
3746
2535
2942
6495
2080
7414
5270
2946
6686
1802
7582
7731
4574
6801
642
2761
7123
4450
7027
7441
4148
1244
6779
3409
931
4594
7033
5310
7102
7409
2957
7243
2025
3891
7822
3363
1983
1987
7032
1844
5508
4993
1462
2070
7763
2691
3192
7268
1822
1999
4173
5955
4884
7749
5508
3146
4304
7395
1582
607
1698
3322
2085
4184
2006
5783
7894
4692
1885
4262
3317
4722
794
7139
6747
6754
2529
998
7026
7436
7022
3073
7459
602
4418
5726
928
6246
6128
6480
7194
5811
590
687
782
3616
3312
4760
2652
4489
7121
2328
2409
1773
5663
4097
5092
834
3572
6292
2525
6894
5216
3624
2533
2156
3191
4981
1639
7203
4457
5664
786
4065
2326
6200
7592
1734
700
770
6347
7101
6788
3504
7059
4695
4093
3232
1069
3812
5831
7554
4006
2263
3261
2511
5965
3101
740
3182
4719
3999
7518
3745
5598
4509
3850
5011
803
6504
7305
5894
7361
3063
5070
5049
2040
2044
839
587
1092
5402
4680
5180
2975
2247
6350
7481
2975
4383
1856
7569
7845
3419
3379
2594
7389
560
5126
2781
6995
5893
3559
7609
2327
5350
8014
2164
4842
3281
7275
2200
7058
1566
7482
552
1759
3214
6940
5164
518
7703
1036
2694
5221
3724
3498
1800
4185
5213
4001
1055
4487
1196
7319
2990
4449
6835
3006
3526
6070
7241
4433
1259
7687
2154
3746
873
853
2113
4274
915
5075
6207
3355
5505
5446
5335
4813
3890
3942
6136
731
7430
5050
3553
7408
6986
713
2238
6759
7841
6656
5918
944
4307
7264
7884
7198
3772
6357
2751
3922
1746
2693
2565
1096
4245
660
748
3650
7196
4415
4201
1323
4918
3130
7188
891
3658
7192
7726
5254
3891
1975
5410
553
7583
1419
1237
3688
5506
2594
3774
2017
3052
4299
6394
3962
5278
3589
7073
7646
7236
608
795
1600
6950
1880
3316
2162
6088
4746
4460
5384
7054
4391
2116
2603
4821
4024
7515
2306
3331
4353
5118
3315
4723
1952
4126
4025
7430
3504
3309
1040
3747
4642
3300
7536
3715
4084
4582
5562
5184
6710
7123
1143
1034
4265
2803
758
7111
1188
2813
3429
1988
721
4913
6125
1184
5986
2097
2699
1557
902
997
3483
7921
3282
2128
3346
733
4374
7894
7285
656
1031
7297
4917
2051
7289
2584
838
2755
2446
6778
4534
4614
2248
6400
1355
1054
1052
5540
2373
3633
5135
7196
4910
2978
7371
4535
4543
3429
6226
7483
4239
1138
7451
5871
5469
7205
7504
3590
2568
6474
2271
934
1124
1939
4811
1100
2605
857
2169
2316
6971
7230
2261
2739
5620
7478
3980
697
2180
4578
2724
1933
6494
5968
5249
3312
3597
4628
7034
1484
5561
6882
1855
7164
6366
6251
6902
2050
854
769
3593
7070
7946
3567
4935
3200
2816
6937
6683
3626
5932
1199
638
7145
5751
1507
599
7351
4426
1263
7398
6289
889
806
7894
6100
2595
2299
7374
6878
2475
7590
7144
2620
4192
1559
7653
6083
3608
3018
4289
5957
2036
4091
7632
3445
4538
535
2320
7647
2771
6034
2468
542
5841
7195
5112
5012
7203
7398
7533
2341
805
3297
3548
6791
2814
4345
3194
517
7709
6512
7485
7887
3102
7145
6981
595
2736
2658
4470
4692
6898
4117
954
1868
967
780
7754
6286
2208
2410
6053
3548
2339
6608
1084
801
5638
3758
6405
3386
5074
3961
3473
1429
7283
6623
7228
2946
1950
7265
3229
3386
3359
767
5312
2613
1682
2141
555
1224
6605
1954
1951
6098
1279
1854
1118
593
5506
6465
7840
7485
1201
4036
896
3517
6974
7110
1003
2599
7515
6161
1071
2771
3268
4869
2630
1458
2573
3194
2533
7478
5119
2744
1555
6060
2282
3694
5826
7895
2259
4443
5792
4242
3147
810
4440
2690
908
2517
7465
6118
1217
3161
5963
4840
6554
7503
2307
7195
7468
2289
4137
525
640
2133
1423
6276
2627
5967
2522
1539
7573
2953
7383
7500
7503
2057
1431
5068
5265
6500
4600
5645
7412
3120
3936
7500
5015
877
531
7394
5288
7138
5952
4276
7471
1898
6512
1649
7539
2433
2309
3835
6718
3249
7293
4647
2088
3290
5059
2029
3250
7415
4658
4878
6591
4361
3171
6882
4128
1601
7081
3496
3808
5022
4984
3016
3263
1374
1059
5513
3012
2556
2323
1164
1992
3297
2664
4758
1218
4571
3077
5947
6354
1615
7220
1324
3330
8015
5221
905
6743
2662
1119
5237
3398
7520
6225
7850
7566
5337
4576
7570
1257
2508
3968
4006
4138
7429
3107
4075
7365
3719
7513
5589
7542
1226
7768
5533
7611
4233
4712
3378
5314
4708
4950
7200
5256
3737
6485
1305
2516
4243
3005
3366
1047
5251
7501
2683
4886
6419
4666
1418
7067
2762
5486
4790
528
1099
4517
991
1693
8003
3807
971
8003
7565
5925
2810
6020
2045
7635
2894
3999
4396
3116
2805
7718
7559
3415
7887
7544
1014
5489
5590
7376
899
7633
3391
7665
5335
3834
1114
1200
5797
4714
3295
4058
7239
5775
2519
576
7545
6453
7496
619
3684
4885
1113
7200
2826
5364
3493
1516
7037
3449
7157
1349
4808
4160
4338
3107
818
5569
881
4738
514
2719
5122
2610
2486
2786
6043
4386
6325
1242
4501
5610
3354
7148
4879
2214
2661
843
7538
5412
5390
3649
1235
6558
4336
1662
772
3334
966
4776
4793
1182
6261
2835
1989
1132
3364
2111
548
3268
1228
3955
3805
2406
7502
5107
802
2000
5026
1115
3034
4517
3495
2968
2991
5595
7233
4214
7335
6002
4209
6227
6063
4797
1569
814
6766
3088
3825
7920
692
5972
2658
2378
7614
5269
4258
3582
7397
763
3722
4187
1158
4605
4518
4802
4761
3077
3526
4377
1089
4829
7444
7387
7364
3293
6972
5032
3403
4706
708
6943
4626
5186
6117
4415
7867
7899
2809
2821
3279
1780
4773
6954
4870
914
4204
7199
4419
6781
2383
5697
2102
6780
6336
3308
6448
6010
4568
5915
4026
2992
5052
6415
7903
3330
6551
829
4170
5768
6187
5856
6719
2166
7936
6270
1740
3663
2548
4711
711
5309
2955
7591
7090
3385
1673
4698
7567
1114
3153
7062
1193
7428
6793
5686
6689
6880
6194
4044
2563
7829
4368
7643
2668
2037
3449
6717
6364
2608
3322
4101
6913
7174
4499
2939
4339
5085
2664
7103
5858
5857
7095
3350
2672
7199
1564
4935
2652
6148
2491
7859
7732
4542
3551
4029
2846
7544
4791
1106
5793
6817
3197
3811
2296
5928
2258
6129
6214
5320
1122
4353
5171
3862
4077
7159
8002
5671
4335
3117
4334
3006
4939
3139
6195
7262
6757
3934
2904
4928
2660
3726
2147
1978
5273
1125
4919
2121
3897
7182
5755
7695
2237
893
6182
4419
4481
7277
3184
7402
7285
7358
5230
4157
4358
2287
6955
4690
7865
6618
5662
4749
7214
6435
7004
4987
7306
7109
570
7622
3175
1857
5556
7047
7188
7386
4835
6647
2500
3416
4877
681
979
572
7326
7514
4911
3773
1299
5399
1528
2176
7375
5543
7929
2629
1181
1368
3475
1299
6232
588
5073
625
3059
6601
591
1703
6269
5299
3231
2648
2260
6204
5349
4404
2394
1044
6321
1068
4512
3759
7555
690
1026
705
4883
2412
4918
7189
4413
5951
6387
7869
6396
2122
2730
4559
2556
1147
2192
6517
6104
2105
3473
3412
1278
3427
3047
2811
7416
2068
547
7511
3733
2566
2997
7209
4410
651
6455
579
1038
2096
5573
3679
5498
3079
6557
2935
3191
1219
7779
5620
7330
5954
7591
6279
5356
2024
5552
2817
3135
3909
7824
6290
612
7216
7075
5505
4264
1848
4055
4097
7716
4722
2780
3920
2471
533
7441
6134
2171
2510
7218
582
4164
7534
957
7545
516
4883
4788
603
3639
6046
7658
5466
6332
6723
4299
2204
1210
6397
7380
7498
4931
6247
3684
1405
3215
6631
6510
4941
7480
5444
683
546
5816
2846
7217
1156
7708
3403
7193
3296
7495
6567
2652
4639
2960
1702
4476
1061
6185
5392
2568
2242
1194
5438
7267
3212
4787
5330
7440
3260
5518
2696
2802
3750
4965
3103
1104
4836
1959
797
4659
5728
7523
773
2908
867
2713
2739
3485
1897
3168
4803
5201
4524
3732
4851
628
2240
871
7337
2621
5171
4607
4069
5514
823
1741
1146
5042
1029
4892
5830
6235
7837
7621
3223
7118
5684
4694
652
7161
2620
536
3821
2690
2252
2626
3676
589
7419
4521
3677
1176
6022
5557
4866
4732
7713
1066
6947
3293
2188
7284
7333
3277
5703
3369
7440
7934
4375
1129
7789
1594
911
3828
1986
5866
3758
995
5897
3488
1174
5507
7494
5784
5942
2512
7317
3901
3917
3125
3153
2752
7325
5846
3614
977
7483
3812
6983
7558
7068
6676
1168
507
3634
1000
2744
6948
6892
3409
7787
4496
8010
3439
989
7226
882
5640
5048
3307
2436
1025
6776
1303
7480
1676
6767
906
5288
2028
7373
2734
6638
7344
2202
7177
7610
3323
2512
534
7565
7521
617
3014
6300
5901
7261
964
7291
6824
870
5504
6238
1638
7234
4705
4303
831
1087
3977
584
3155
6320
3821
6645
3054
941
4922
6925
5129
7141
7900
4458
7274
903
7483
755
7099
1160
1460
1195
4422
5507
2640
1826
7358
1095
2712
5798
4897
3708
5008
2811
3956
6633
2233
5282
4441
7234
2550
616
4803
937
2954
851
921
520
1417
3980
6475
6792
2338
6443
3953
6206
7671
647
6674
7505
6073
7025
1838
4059
1966
4997
7582
5995
7858
6021
1215
8014
610
6202
4213
4107
3753
732
4061
5757
7685
7600
3394
2473
2304
7122
3132
2038
2784
7639
6479
5616
5591
3393
1240
7162
4819
2760
1009
5920
1057
5657
6395
4929
4858
4160
6501
4249
847
6798
6091
5042
1135
1189
3837
4690
1050
4273
7113
2577
2464
811
7303
3018
2284
3488
5943
4394
2108
3404
3655
2995
3912
4372
5083
5548
7149
4216
5662
643
2396
7948
2684
4376
1152
4936
3574
2411
7362
4446
7922
2400
7928
4734
7552
5451
2542
5306
6421
1899
7225
6880
4095
3938
3089
2831
2563
7416
2489
2518
7344
2772
4253
5030
701
4637
1867
6813
4804
5581
3313
2234
4725
3580
4291
1126
2616
815
3823
6254
2903
5320
6967
2664
2718
983
6723
3648
5597
4486
3792
5581
4270
7049
2445
3198
4298
653
7128
7512
1006
2827
1136
699
6715
716
6766
4671
6277
3538
5825
3402
5762
7176
4818
7327
7332
2597
4231
3001
3081
2366
7395
5532
1083
7206
7173
7418
5992
7237
3912
7207
1064
5145
785
3078
7282
1630
2032
631
6180
6477
3717
5461
7435
7383
7281
4254
1032
3698
3357
7475
7901
5718
6217
1020
3434
2785
5715
830
1923
3901
7047
7583
3298
7807
6236
852
7041
4240
6534
1469
2187
3118
5324
2288
5306
6458
3364
715
3367
1073
4714
7760
2355
7625
1593
5610
2364
3296
6422
4268
932
7552
7049
6053
583
793
4271
7269
5456
4335
1212
6749
1671
7444
1169
3385
7091
3285
4554
7294
3924
3207
5399
3708
7893
7894
4956
1788
3483
5071
1782
7788
7492
7407
5379
3887
2837
6217
3170
7332
2218
6901
2680
3809
4715
645
7220
7111
2062
7174
5279
1984
7024
5285
6830
2448
2982
7719
4974
4844
7205
3531
7918
7250
7233
2892
2627
7112
2056
4507
3422
6287
7466
1112
2325
7575
826
7126
1090
4786
679
2434
6401
1012
3163
4080
669
2402
4590
4158
3395
2901
981
2737
1655
7351
7817
7510
7549
7917
5222
737
4574
912
2996
7052
5372
7005
7501
6444
7088
2939
2588
4104
5325
7505
1216
4295
4988
5091
1019
5505
719
4911
2060
2844
4332
7905
3332
718
1865
7588
3180
5329
883
6864
3010
5489
846
2484
7494
2100
7853
677
1204
1246
2555
4434
4522
5108
6773
3083
507
2382
3271
1644
7872
4047
4186
2454
2974
2126
5563
5560
1080
2789
2910
6160
2562
2786
3578
6324
2478
6725
2392
2447
2007
6102
6989
2840
5723
7446
2101
4132
4765
3420
5360
7434
5701
4518
600
2442
6569
6802
7831
1107
1452
4421
673
7226
7523
6198
6758
4212
7134
7034
1483
4406
3917
4571
4423
6894
2472
7252
6030
836
808
5507
1979
4787
6766
2332
3336
3366
1530
4116
3803
8026
558
2384
7083
6469
4537
7940
2450
2532
6425
4932
4771
5223
5500
6822
963
4009
3723
924
2041
5140
4636
5285
3232
624
2821
5518
4955
6064
5433
5052
568
3044
5061
2268
3169
5317
3349
6875
4552
858
2342
2801
7218
5317
7182
2979
5771
4559
7143
3482
5246
4876
3344
1192
936
3508
2758
7955
4554
6820
6595
7290
2210
7089
7579
4826
2046
7356
1035
4158
4514
988
4437
5887
7914
1150
7425
2742
5372
693
6420
4828
639
5984
3282
812
1858
6186
7197
2370
6208
2087
6457
7325
3749
2159
4689
1457
6248
7882
5058
7637
970
4138
910
3751
1234
3128
6800
3737
3538
1155
2039
574
4874
4436
4371
1123
1563
7329
4349
4808
7204
7010
7401
7359
3399
4371
7181
2641
2733
5509
2347
2009
4300
968
2094
4336
5210
6410
7080
4942
4611
4545
5270
4548
3085
2832
2706
7660
756
4549
2216
6298
3394
1619
7152
4018
3974
3809
2904
3617
1260
3422
975
892
538
7080
4425
6716
7548
3553
5482
753
833
2957
6434
6955
2971
7087
7372
7299
7376
1980
1134
6162
3179
2228
4726
1243
7576
7044
1109
3270
5051
3161
556
2808
3033
2369
1899
1833
7091
6408
919
3464
1178
3476
3071
2313
3363
7454
7318
2381
4082
2178
3050
2650
3940
2277
3057
6530
4219
6049
2728
1453
950
2932
5162
5213
7375
4491
4694
712
7496
659
3719
2482
3472
2541
2135
7923
5208
5271
4183
3781
7248
7371
2659
1533
3044
3937
5779
4982
4801
2008
1900
917
3440
5057
2427
3941
7504
644
2659
3796
4270
1648
7894
7463
529
7770
4954
4909
2144
3285
7293
2931
943
3552
6885
2205
1581
2279
7037
1672
5332
2451
2552
3455
5346
7022
4579
5334
5146
2087
5599
527
2509
3804
7183
3201
7810
7221
2965
2262
2055
4360
5902
2602
1303
2979
512
537
3062
2079
3874
7538
3154
6717
3781
4886
2655
2048
5289
2033
5618
5522
7127
3571
5777
3013
1875
542
7006
5735
7167
6342
551
3304
3428
4491
4538
1536
5014
5565
1175
7730
3715
4800
2634
7432
1151
7360
3759
2682
541
3346
1941
7692
887
2579
2842
841
3398
5329
4582
6431
7316
3866
2014
7241
6630
2611
6662
3507
2648
3344
4887
3900
3402
6987
5560
5135
5780
990
503
7362
6027
4542
4889
1684
2608
7155
637
5966
7244
2741
7238
5563
4955
5983
3462
5035
4029
7517
3749
4189
7514
1024
3043
3336
2612
3247
6103
6329
6992
3813
3943
1140
3486
7102
1070
7243
5155
634
5980
3400
1598
1067
3216
2797
5727
3400
5281
7273
2617
5531
5987
996
3761
2380
707
7380
4827
6602
4405
5725
7851
2244
5576
7329
5842
3896
1046
3142
3358
7060
2145
2421
1116
4939
2124
2137
849
7397
2664
1171
2160
1177
4140
2796
7224
6735
3368
7382
6065
3267
6441
4495
2809
562
3622
4916
4260
7561
3077
4343
2682
2774
3074
4753
3968
4962
5279
2428
7543
3677
2686
6799
5756
6067
2660
3817
1580
2640
7517
4872
3716
7726
5907
5415
5939
2694
3520
6859
6745
2938
4791
2308
7531
596
4409
7563
3686
1509
4576
1828
7728
3163
5266
2773
2351
4863
2004
7568
7133
4372
3951
5080
5111
3601
1137
3143
2717
5552
7486
7328
4096
1183
7051
5191
1209
6429
1165
7970
4342
2417
6547
7305
4960
3932
7994
3601
2538
5309
6793
2716
3140
3732
4305
1896
2191
6900
3164
2142
1688
6089
2052
2379
4513
7574
3358
6341
4831
7578
6312
6738
7338
5180
3584
5770
730
2059
4840
768
2232
2758
5804
6810
792
2681
2388
7495
1197
2631
1495
6743
5007
6065
5809
6910
2319
5845
3094
2984
5812
2730
762
1686
952
1876
2440
4513
6374
2832
2740
3689
754
3960
2728
676
7955
958
4729
3689
6703
7352
3407
2632
2549
7393
1537
567
4084
4231
2612
5543
4535
5301
7473
3254
573
710
5714
3484
7547
3092
5176
2716
1158
1079
722
4623
6849
1063
2112
3821
6243
3015
2223
4998
2589
6116
7217
6728
980
5284
2025
6222
672
545
4833
5221
5511
4493
744
4062
927
2368
6702
7825
580
1920
944
2632
4723
3323
7498
7488
6648
6040
7827
6105
1220
6544
7381
6234
5449
798
5598
7524
5330
7424
2403
1725
7254
5156
2683
1017
7690
4189
6440
935
3393
938
2136
7328
6892
6707
663
7717
3042
982
3172
5346
1258
3754
2793
4011
3346
5091
5189
7342
3352
7343
4287
7009
5060
5106
7546
632
4458
1128
999
7153
6008
953
3704
6598
3234
7379
688
2597
764
3352
5355
6849
7902
4845
7531
4047
7116
615
6671
5075
4621
4122
5097
7347
3142
3151
5664
1753
856
5852
1873
4402
2018
7577
7925
4868
4059
7337
1103
2604
7869
3599
6124
2681
2773
3254
7524
1225
4318
809
2168
2470
6491
4116
2438
7208
4875
6199
7270
3205
4630
1798
2902
2185
7250
7541
2293
7248
725
7053
1198
2549
4595
5269
7536
698
3207
4377
2016
2999
8011
6681
5822
5891
2666
6250
4832
1256
4348
3219
6319
4469
6788
3397
6403
4771
2107
4249
3915
2246
4782
5533
6067
7347
2709
4665
2816
3506
6375
3231
4679
3088
4928
5053
6057
2460
6349
7225
1162
6755
4274
946
519
5961
4190
6209
2470
3546
1887
7912
5599
6898
7265
6583
3493
3882
4392
7381
1809
993
6513
2685
4594
4362
2535
4613
2615
2993
1961
4963
2317
2357
2125
7168
6233
3486
7384
6693
5565
3791
1082
1391
621
7666
1004
3216
1964
7130
5811
6604
1595
2611
6937
540
6724
6988
2725
2544
4204
2746
2398
7160
4147
1213
7349
2449
4058
7537
4245
7181
7408
7339
6862
4908
800
866
7360
3423
2314
6417
7222
3721
4589
7161
2030
949
3021
926
7424
5127
2523
2393
969
5000
5574
2329
4102
6848
1346
2555
502
5896
6291
5693
6211
4706
2741
5837
3298
2173
913
7492
7086
2405
1901
5260
2155
6071
3809
605
4958
1186
4349
2257
781
5781
2685
3365
2606
6927
3405
6755
3320
3073
2463
7249
4140
1715
7863
978
5181
729
2988
6795
8024
554
7688
6237
3412
1456
3016
6182
907
678
7231
3300
784
3443
4749
7456
2264
3180
4405
3053
7785
1018
6168
3058
2725
4051
6062
5912
1723
2015
3617
884
6381
5766
3382
3954
5316
7350
2545
4430
3382
1869
842
2110
5767
6710
7542
6051
7237
6742
7059
7163
3624
3612
5722
7284
7894
7189
4209
4118
4543
3471
1190
4895
7748
7291
3805
5709
7374
1731
4675
7856
4463
898
2344
2945
3704
2465
7519
3802
6309
4606
6563
7789
1010
7359
986
2404
5201
3058
3779
7306
7590
2600
1614
2315
7230
7597
7997
7299
3299
7213
3288
796
1410
6383
5299
1602
3721
1390
6011
7134
7447
7556
5495
706
7385
6519
7421
5004
3463
6487
3084
3209
5832
4795
7261
1208
2591
7403
7845
2969
7557
3919
1348
1330
2988
3654
864
2504
6599
626
3476
655
7270
5379
4511
5265
5244
3246
515
3369
3380
2295
2012
5303
7370
4446
3846
4853
3012
7635
6939
2674
2777
6923
6438
4656
5802
947
4965
3992
1803
3317
4793
7321
3551
5637
1687
2933
3807
7363
7760
3255
7165
2604
3193
662
2777
7287
3211
4296
1891
7508
4521
3404
7016
6854
3030
630
2439
4879
1207
7469
1386
5161
1912
7513
5985
3716
4464
3614
4341
832
6135
2930
3967
4330
3575
1075
4578
2324
6639
6007
526
7601
1231
5692
1467
1205
2698
7274
880
6140
2577
4401
738
5145
7813
973
6868
799
2199
1180
935
1097
614
7169
4321
509
3310
6256
3475
7081
3574
4797
4844
506
3752
1206
4940
3496
3507
3735
1556
894
5702
5647
7259
6325
1248
6627
3989
4077
775
4247
5549
6352
4563
7439
4512
4235
3754
5312
4105
3155
3799
513
5449
4529
4815
7163
7453
3005
2419
3403
2996
6084
825
684
5159
3229
2280
4832
4181
1139
2782
6532
6515
5418
4704
5919
5095
7355
611
4649
6074
3811
4353
951
7069
592
5310
2509
7615
7474
4021
4653
4581
3193
2513
6994
4709
4248
3806
6179
6192
887
2303
7406
1007
6111
1203
2696
5231
3646
6962
7269
4556
1949
4416
3206
4522
5027
3111
4000
7287
4857
920
7581
2823
6673
6513
6929
741
6006
2722
3321
4429
7874
5117
1895
3808
7092
7502
6056
1161
3549
1140
5361
7192
1091
5094
5438
2035
4640
4735
6106
4392
5713
4374
4408
4586
3634
7911
2189
2605
1058
922
3203
3648
2973
7487
5236
5164
1719
2830
7253
1076
3267
974
2092
2255
4610
6409
1039
7238
1016
3086
5256
1946
3462
7394
2596
6878
1929
7133
2641
3347
7884
6025
6989
6486
3702
4297
5282
627
4804
3698
2399
1135
7268
3184
7258
4355
2814
3912
2828
6850
3769
4214
680
4021
726
1961
4581
7446
1127
6868
5537
3770
1142
1367
2420
2505
3753
7087
6626
3214
4238
2905
7342
4858
3120
3140
2270
5105
3260
3215
1153
2623
4164
1214
4109
4881
7493
3171
3925
559
4815
7097
4727
7295
5223
1033
2829
7235
2477
6190
7967
1115
6518
6276
7169
1042
4431
3383
3168
4261
7456
2981
3009
2283
1148
2817
4219
6351
654
1048
7651
7286
7227
4765
5233
4067
936
1566
5614
4691
7734
6095
7146
1013
848
6223
2788
3584
1730
5126
850
2554
1473
1145
1083
8009
4013
3238
5899
3892
7229
2961
5415
736
3923
3460
5939
994
3349
5505
565
5911
7119
7892
674
7443
816
4095
3586
6010
1720
2590
500
2356
4127
2550
7985
4023
7253
2508
5504
6906
7363
3380
6998
5300
4463
4715
7567
7403
3435
7276
5607
5651
3913
3189
641
5568
5146
2132
2358
2616
658
7529
5237
5187
960
5208
4843
2267
622
7168
4904
4726
3114
2804
5671
7232
1173
1023
586
4544
6143
4155
6915
6658
6362
2907
2985
5939
4759
1105
7587
7579
6115
865
2479
6533
7816
7290
6384
5865
2977
646
3122
6691
3122
1945
4718
987
3271
6333
7382
3676
6985
2606
6759
606
2897
5051
2414
7409
5183
6670
724
5530
6938
5195
2349
6928
7378
3791
4746
3347
4117
2506
5358
4555
3596
3192
2367
1179
7402
1172
2721
6696
5772
2788
1229
3649
5874
4550
940
7574
6726
5092
1130
3947
3043
2334
2090
2530
1117
2954
1098
1472
6565
7908
5971
7448
726
7566
5191
6538
1238
2172
1681
3759
5322
2053
1111
5325
7077
6272
664
2294
2556
508
629
3190
2435
3904
2241
2998
3222
7338
7571
7425
3795
4580
6769
4191
2733
4007
2531
696
5151
2081
4788
4435
2067
4036
3379
4432
6310
3320
5444
6464
